Term Pair	Distribution	z score	p value	adjusted p value
Simvastatin;Nelfinavir	[4, 0, 0, 0, 0, 0, 0, 0, 0, 0, 0, 0, 0, 0, 0, 0, 0, 0, 0, 0, 0, 0, 0, 0, 0, 0, 0, 0, 0, 0, 0, 0, 0, 0, 0, 0, 0, 0, 0, 0, 0, 0, 0, 0, 0, 0, 0, 0, 0, 0, 0, 0, 0, 0, 0, 0, 0, 0, 0, 0, 0, 0, 0, 0, 0, 0, 0, 0, 0, 0, 0, 0, 0, 0, 0, 0, 0, 0, 0, 0, 0, 0, 0, 0, 0, 0, 0, 0, 0, 0, 0, 0, 0, 0, 0, 0, 0, 0, 0, 0, 0, 0, 0, 0, 0, 0, 0, 0, 0, 0, 0, 0, 0, 0, 0, 0, 0, 0, 0, 0, 0, 0, 0, 0, 0, 0, 0, 0, 0, 0, 0, 0, 0, 0, 0, 0, 0, 0, 0, 0, 0, 0, 0, 0, 0, 0, 0, 0, 0, 0, 0, 0, 0, 0, 0, 0, 0, 0, 0, 0, 0, 0, 0, 0, 0, 0, 0, 0, 0, 0, 0, 0, 0, 0, 0, 0, 0, 0, 0, 0, 0, 0, 0, 0, 0, 0, 0, 0, 0, 0, 0, 0, 0, 0, 0, 0, 0, 0, 0, 0, 0]	400	0.0	0.0
Simvastatin;Cytochrome P-450 Enzyme System	[69, 4, 3, 2, 3, 6, 3, 3, 6, 4, 4, 2, 8, 4, 4, 4, 5, 6, 1, 3, 2, 1, 4, 3, 2, 9, 3, 3, 3, 6, 5, 6, 2, 6, 7, 2, 4, 5, 3, 3, 3, 5, 7, 5, 4, 5, 5, 2, 6, 5, 2, 4, 3, 3, 2, 5, 4, 2, 5, 5, 2, 4, 3, 3, 6, 1, 7, 6, 3, 1, 8, 4, 6, 7, 4, 1, 2, 3, 4, 4, 5, 3, 4, 2, 5, 5, 5, 2, 10, 1, 3, 4, 3, 2, 1, 7, 4, 2, 4, 3, 5, 8, 2, 3, 5, 6, 5, 2, 4, 3, 7, 2, 2, 2, 7, 3, 4, 1, 2, 4, 4, 3, 6, 2, 2, 2, 0, 4, 4, 6, 4, 5, 5, 5, 4, 2, 3, 4, 3, 5, 2, 3, 7, 4, 2, 10, 5, 3, 6, 5, 2, 6, 8, 8, 4, 9, 1, 4, 4, 6, 8, 3, 3, 3, 6, 6, 4, 5, 6, 5, 4, 2, 3, 3, 9, 5, 2, 3, 3, 5, 6, 8, 5, 8, 5, 5, 2, 8, 5, 3, 5, 2, 5, 5, 3, 6, 2, 4, 4, 4, 2]	33.39011020779246	0.0	0.0
Simvastatin;Itraconazole	[15, 1, 0, 1, 0, 1, 0, 0, 0, 1, 1, 1, 0, 0, 0, 1, 1, 0, 1, 0, 1, 0, 0, 0, 0, 0, 0, 1, 0, 0, 1, 0, 1, 0, 0, 0, 1, 0, 0, 2, 0, 0, 0, 0, 1, 0, 0, 0, 0, 0, 1, 0, 0, 0, 1, 1, 0, 0, 0, 1, 0, 0, 0, 0, 0, 0, 0, 0, 1, 0, 1, 0, 1, 1, 0, 0, 1, 0, 0, 0, 0, 0, 0, 0, 0, 1, 0, 1, 0, 0, 0, 0, 0, 1, 0, 0, 0, 0, 0, 0, 0, 0, 0, 0, 0, 0, 0, 0, 0, 0, 0, 0, 0, 2, 0, 0, 0, 1, 0, 0, 1, 0, 0, 0, 1, 0, 1, 0, 0, 0, 0, 0, 0, 0, 0, 0, 1, 1, 0, 1, 0, 0, 0, 0, 0, 0, 0, 0, 0, 1, 1, 0, 0, 1, 0, 1, 0, 0, 0, 0, 0, 0, 0, 0, 0, 0, 0, 0, 0, 0, 0, 0, 0, 0, 0, 0, 0, 0, 0, 0, 0, 0, 0, 0, 0, 0, 0, 0, 0, 0, 1, 0, 0, 0, 1, 0, 2, 0, 0, 0, 0]	32.45566005534626	0.0	0.0
Simvastatin;Clarithromycin	[17, 0, 0, 0, 0, 0, 1, 0, 0, 0, 1, 1, 0, 0, 1, 0, 0, 1, 1, 0, 1, 1, 1, 0, 0, 0, 0, 1, 0, 0, 0, 0, 0, 1, 1, 0, 0, 0, 1, 2, 1, 1, 1, 2, 0, 0, 0, 0, 0, 2, 1, 0, 0, 1, 2, 0, 1, 1, 0, 0, 1, 0, 1, 0, 1, 0, 1, 0, 0, 2, 0, 0, 0, 0, 0, 0, 1, 0, 1, 1, 0, 1, 2, 2, 0, 1, 0, 1, 0, 1, 0, 0, 0, 0, 0, 0, 0, 2, 1, 0, 0, 0, 1, 0, 0, 1, 0, 0, 0, 0, 0, 0, 0, 0, 0, 0, 0, 0, 0, 1, 0, 2, 0, 0, 0, 3, 0, 1, 1, 0, 0, 0, 0, 0, 0, 1, 0, 2, 1, 0, 0, 2, 0, 0, 1, 0, 1, 0, 0, 0, 1, 1, 1, 0, 0, 1, 1, 1, 1, 0, 0, 0, 0, 0, 1, 0, 1, 0, 0, 0, 1, 1, 1, 0, 0, 0, 1, 0, 0, 1, 0, 1, 1, 0, 0, 1, 1, 0, 0, 0, 0, 0, 0, 1, 1, 0, 0, 0, 0, 1, 0]	26.67008502597232	0.0	0.0
Simvastatin;Rifampin	[11, 0, 1, 0, 0, 0, 0, 0, 1, 0, 0, 0, 0, 1, 0, 0, 0, 0, 0, 0, 0, 0, 0, 0, 0, 0, 0, 0, 1, 2, 0, 0, 0, 0, 0, 0, 0, 0, 0, 0, 0, 0, 0, 0, 0, 1, 0, 0, 0, 0, 0, 0, 0, 0, 0, 0, 0, 0, 0, 1, 1, 0, 1, 0, 0, 0, 0, 0, 0, 0, 0, 0, 0, 0, 0, 0, 0, 0, 0, 0, 1, 0, 0, 0, 0, 0, 0, 1, 0, 0, 0, 0, 0, 0, 0, 0, 0, 0, 0, 0, 1, 1, 0, 0, 0, 0, 1, 0, 0, 1, 0, 0, 0, 0, 1, 0, 0, 0, 0, 0, 0, 0, 1, 0, 0, 0, 0, 1, 1, 0, 0, 0, 0, 1, 0, 0, 0, 0, 1, 0, 1, 0, 0, 0, 0, 0, 1, 1, 0, 0, 0, 0, 0, 0, 0, 0, 0, 0, 0, 0, 1, 0, 2, 0, 1, 0, 0, 1, 0, 0, 1, 0, 0, 0, 0, 1, 0, 0, 0, 0, 0, 0, 1, 0, 0, 1, 0, 0, 0, 0, 0, 0, 0, 0, 1, 1, 0, 0, 0, 0, 0]	26.429579509160302	0.0	0.0
Simvastatin;Ritonavir	[7, 0, 1, 0, 0, 0, 0, 0, 0, 0, 0, 0, 0, 1, 1, 0, 0, 0, 0, 0, 0, 0, 0, 0, 0, 1, 0, 0, 0, 0, 0, 0, 0, 0, 0, 0, 0, 0, 0, 0, 0, 0, 0, 0, 0, 0, 0, 0, 0, 0, 0, 0, 0, 1, 0, 0, 0, 0, 0, 0, 0, 0, 0, 0, 0, 0, 0, 0, 1, 0, 0, 0, 0, 0, 0, 0, 0, 0, 0, 0, 0, 0, 0, 0, 0, 0, 1, 0, 0, 0, 0, 0, 0, 0, 0, 0, 1, 0, 0, 0, 0, 0, 0, 0, 0, 0, 0, 0, 0, 0, 0, 0, 0, 0, 0, 0, 0, 0, 0, 0, 1, 0, 0, 0, 2, 1, 0, 0, 0, 0, 0, 0, 0, 0, 0, 0, 0, 0, 0, 0, 0, 0, 0, 0, 0, 0, 0, 0, 0, 0, 0, 0, 0, 0, 0, 0, 0, 0, 0, 0, 0, 0, 1, 0, 1, 0, 0, 0, 0, 0, 1, 0, 1, 0, 0, 0, 0, 0, 0, 0, 0, 0, 0, 0, 0, 0, 1, 0, 0, 0, 0, 0, 0, 0, 0, 0, 0, 0, 0, 0, 0]	23.340317816458366	0.0	0.0
Simvastatin;Diltiazem	[19, 0, 0, 1, 1, 1, 0, 1, 2, 1, 1, 0, 0, 0, 0, 0, 1, 3, 0, 0, 1, 0, 1, 2, 0, 0, 0, 4, 2, 0, 0, 0, 0, 0, 1, 1, 1, 0, 2, 1, 1, 1, 1, 1, 2, 1, 1, 0, 0, 0, 0, 0, 1, 0, 2, 0, 1, 2, 0, 1, 0, 1, 1, 1, 1, 1, 0, 2, 2, 3, 0, 1, 1, 0, 0, 3, 0, 1, 1, 1, 0, 1, 1, 1, 0, 1, 0, 1, 3, 1, 0, 1, 2, 1, 0, 1, 0, 0, 0, 0, 1, 1, 1, 1, 1, 0, 0, 0, 0, 1, 1, 1, 1, 4, 0, 0, 1, 0, 0, 0, 2, 1, 0, 0, 0, 0, 1, 0, 0, 0, 0, 0, 0, 0, 0, 1, 0, 2, 0, 1, 0, 1, 0, 1, 0, 0, 0, 1, 3, 1, 0, 0, 1, 0, 1, 0, 0, 1, 0, 0, 1, 0, 1, 1, 0, 2, 0, 1, 0, 0, 3, 3, 0, 0, 0, 1, 0, 1, 1, 1, 1, 1, 0, 0, 0, 1, 2, 1, 1, 2, 0, 0, 3, 0, 2, 0, 0, 3, 1, 0, 3]	20.725265027855308	0.0	0.0
Simvastatin;Verapamil	[12, 0, 0, 1, 1, 0, 0, 0, 0, 0, 1, 0, 0, 0, 1, 0, 1, 1, 0, 1, 1, 0, 0, 1, 0, 1, 1, 0, 0, 1, 0, 1, 0, 0, 0, 1, 1, 2, 0, 0, 0, 0, 0, 0, 1, 1, 1, 0, 1, 0, 1, 0, 0, 1, 0, 0, 0, 0, 0, 1, 0, 0, 0, 1, 0, 0, 0, 0, 0, 0, 0, 1, 0, 0, 0, 0, 0, 0, 1, 0, 0, 2, 1, 0, 0, 0, 3, 0, 0, 1, 0, 1, 0, 0, 1, 0, 2, 0, 0, 0, 0, 0, 0, 0, 0, 2, 0, 0, 0, 1, 1, 0, 1, 0, 0, 0, 0, 0, 0, 0, 0, 0, 1, 0, 0, 0, 0, 1, 0, 1, 0, 1, 1, 0, 0, 0, 1, 0, 0, 0, 0, 0, 0, 0, 0, 0, 0, 1, 1, 0, 0, 0, 0, 2, 0, 1, 0, 0, 0, 0, 0, 0, 0, 0, 0, 1, 0, 0, 0, 0, 1, 0, 0, 0, 1, 0, 0, 0, 0, 1, 0, 0, 1, 2, 0, 0, 0, 0, 0, 2, 0, 0, 0, 1, 0, 0, 1, 0, 1, 1, 0]	20.53216748505294	0.0	0.0
Simvastatin;Cyclosporine	[35, 4, 4, 2, 2, 3, 2, 0, 4, 7, 4, 2, 7, 5, 1, 1, 6, 3, 3, 2, 3, 2, 4, 1, 2, 6, 4, 3, 1, 3, 5, 0, 2, 2, 4, 3, 8, 3, 2, 6, 4, 2, 1, 4, 1, 1, 1, 2, 6, 1, 4, 1, 3, 4, 3, 7, 4, 3, 3, 3, 5, 6, 2, 5, 2, 2, 4, 3, 6, 2, 4, 0, 5, 2, 3, 1, 1, 4, 2, 2, 2, 3, 6, 2, 2, 5, 3, 5, 8, 2, 7, 1, 4, 3, 4, 5, 3, 3, 2, 1, 3, 0, 0, 2, 5, 1, 5, 4, 3, 4, 1, 1, 8, 3, 2, 4, 4, 3, 9, 1, 2, 2, 1, 2, 3, 2, 4, 7, 7, 3, 3, 2, 3, 5, 3, 5, 3, 3, 2, 5, 5, 1, 2, 0, 5, 4, 4, 2, 5, 5, 4, 3, 5, 5, 2, 5, 4, 2, 2, 3, 3, 4, 2, 7, 2, 4, 6, 3, 2, 1, 3, 3, 3, 4, 0, 8, 0, 4, 4, 4, 4, 6, 4, 6, 7, 4, 9, 6, 4, 6, 3, 5, 4, 4, 4, 5, 6, 3, 6, 4, 6]	16.622888125132707	0.0	0.0
Simvastatin;Amiodarone	[17, 0, 1, 1, 1, 0, 0, 1, 3, 2, 0, 0, 0, 2, 0, 3, 1, 0, 2, 1, 0, 0, 0, 0, 1, 2, 1, 0, 0, 1, 1, 1, 1, 1, 1, 0, 0, 1, 0, 3, 1, 0, 2, 1, 0, 2, 0, 2, 1, 0, 1, 1, 0, 1, 1, 0, 1, 1, 1, 1, 0, 2, 0, 0, 2, 0, 2, 1, 1, 2, 3, 0, 1, 1, 2, 2, 0, 0, 1, 4, 1, 1, 0, 2, 4, 0, 0, 0, 1, 0, 1, 0, 0, 0, 1, 1, 1, 2, 1, 1, 3, 1, 1, 0, 0, 0, 1, 2, 1, 2, 0, 2, 0, 1, 2, 0, 1, 0, 1, 0, 0, 1, 3, 1, 0, 1, 2, 3, 1, 0, 1, 0, 2, 2, 0, 3, 1, 2, 3, 2, 2, 1, 4, 4, 1, 0, 1, 1, 1, 0, 0, 1, 2, 0, 0, 1, 2, 0, 0, 1, 3, 0, 1, 0, 2, 0, 1, 0, 0, 0, 0, 1, 1, 2, 3, 1, 0, 2, 1, 1, 0, 1, 0, 1, 1, 0, 0, 0, 0, 1, 0, 1, 2, 1, 0, 0, 3, 0, 0, 0, 2]	16.3173470255887	0.0	0.0
Simvastatin;Digoxin	[7, 0, 0, 0, 0, 0, 0, 1, 0, 0, 0, 0, 0, 0, 0, 1, 0, 1, 0, 1, 0, 0, 0, 0, 0, 0, 0, 0, 0, 1, 0, 0, 0, 1, 0, 0, 0, 0, 0, 0, 0, 0, 1, 1, 1, 0, 0, 0, 0, 1, 0, 0, 0, 0, 0, 0, 0, 0, 0, 0, 0, 0, 0, 0, 0, 0, 1, 1, 1, 0, 0, 0, 0, 1, 0, 0, 0, 1, 1, 1, 1, 0, 2, 0, 0, 1, 0, 0, 0, 0, 0, 0, 0, 0, 1, 0, 0, 0, 0, 0, 0, 0, 0, 0, 0, 0, 0, 0, 0, 0, 0, 1, 0, 0, 0, 0, 1, 0, 0, 1, 0, 0, 0, 0, 2, 0, 0, 0, 0, 0, 0, 0, 0, 1, 0, 0, 0, 1, 0, 0, 0, 1, 0, 0, 0, 0, 0, 0, 0, 0, 0, 0, 0, 1, 0, 1, 0, 0, 0, 1, 0, 0, 0, 1, 0, 0, 1, 0, 0, 0, 0, 0, 0, 0, 0, 0, 1, 0, 1, 0, 0, 0, 0, 0, 0, 0, 0, 0, 0, 0, 0, 1, 0, 0, 0, 1, 0, 0, 0, 0, 0]	16.17603839355924	0.0	0.0
Simvastatin;Warfarin	[23, 5, 4, 3, 1, 1, 1, 2, 0, 2, 2, 0, 1, 2, 2, 1, 1, 2, 1, 1, 4, 2, 2, 1, 1, 4, 5, 2, 1, 1, 2, 2, 1, 0, 0, 2, 1, 3, 3, 1, 1, 2, 2, 2, 2, 2, 3, 2, 4, 2, 0, 0, 4, 3, 5, 0, 3, 1, 1, 2, 0, 1, 2, 1, 3, 2, 3, 2, 3, 1, 1, 2, 2, 2, 5, 1, 1, 2, 4, 0, 1, 4, 0, 0, 0, 4, 1, 1, 2, 4, 2, 3, 2, 1, 1, 0, 1, 2, 3, 4, 3, 2, 0, 1, 4, 2, 2, 2, 2, 3, 0, 2, 2, 2, 5, 1, 2, 0, 2, 1, 1, 1, 2, 2, 3, 3, 4, 1, 4, 3, 0, 0, 2, 4, 1, 1, 3, 0, 3, 0, 1, 0, 4, 0, 3, 0, 1, 2, 3, 1, 1, 1, 3, 1, 2, 1, 4, 2, 0, 4, 5, 3, 2, 0, 1, 0, 3, 3, 3, 3, 2, 1, 0, 3, 1, 6, 3, 0, 2, 2, 0, 2, 1, 3, 3, 2, 2, 0, 5, 1, 0, 3, 2, 4, 1, 3, 2, 2, 2, 3, 2]	15.784900259136139	0.0	0.0
Simvastatin;plastochromanol 8	[5, 0, 0, 0, 0, 0, 0, 0, 0, 0, 0, 0, 0, 0, 1, 0, 0, 0, 0, 0, 0, 0, 1, 0, 0, 0, 1, 0, 0, 0, 0, 0, 1, 0, 0, 0, 0, 0, 1, 0, 0, 0, 0, 0, 0, 0, 0, 0, 0, 0, 0, 0, 0, 1, 0, 0, 0, 1, 0, 0, 0, 0, 0, 0, 0, 0, 0, 0, 0, 0, 0, 0, 0, 0, 0, 0, 0, 0, 0, 0, 0, 0, 0, 0, 0, 0, 0, 1, 0, 0, 0, 0, 0, 0, 0, 0, 0, 0, 0, 1, 0, 0, 0, 0, 0, 1, 0, 0, 0, 0, 0, 0, 0, 0, 0, 0, 0, 0, 0, 0, 0, 0, 0, 0, 0, 0, 1, 0, 1, 0, 1, 0, 0, 0, 0, 0, 0, 0, 0, 0, 1, 1, 0, 0, 0, 1, 0, 0, 0, 0, 0, 0, 0, 0, 0, 0, 0, 0, 1, 0, 0, 0, 0, 0, 0, 0, 0, 0, 0, 0, 0, 0, 0, 0, 0, 1, 0, 1, 0, 0, 0, 1, 0, 0, 0, 0, 1, 0, 0, 0, 0, 0, 0, 1, 0, 0, 0, 0, 0, 0, 0]	15.628507777859499	0.0	0.0
Simvastatin;Imatinib Mesylate	[5, 1, 0, 0, 0, 0, 0, 0, 0, 1, 1, 1, 0, 0, 0, 0, 0, 0, 1, 0, 0, 0, 0, 1, 0, 0, 0, 0, 0, 0, 0, 0, 0, 0, 1, 0, 0, 0, 0, 0, 1, 0, 0, 0, 0, 0, 0, 1, 0, 0, 0, 1, 0, 0, 0, 0, 0, 0, 0, 0, 0, 0, 0, 1, 0, 0, 0, 0, 0, 1, 0, 0, 0, 0, 0, 0, 0, 1, 0, 0, 0, 0, 0, 0, 0, 0, 0, 0, 0, 0, 0, 0, 1, 0, 0, 0, 1, 1, 0, 0, 0, 0, 0, 0, 0, 0, 0, 1, 0, 0, 0, 0, 0, 0, 0, 0, 0, 0, 0, 0, 0, 0, 1, 0, 0, 0, 0, 0, 0, 0, 0, 1, 0, 0, 0, 0, 0, 0, 0, 0, 1, 0, 0, 0, 0, 0, 1, 0, 0, 0, 0, 0, 0, 0, 0, 0, 0, 0, 0, 0, 0, 0, 0, 0, 0, 0, 0, 0, 0, 0, 0, 0, 0, 0, 0, 1, 0, 0, 0, 0, 0, 0, 0, 0, 0, 0, 0, 0, 0, 1, 0, 0, 0, 1, 0, 0, 0, 0, 0, 0, 0]	15.017161899478594	0.0	0.0
Simvastatin;nefazodone	[4, 0, 0, 0, 0, 0, 1, 0, 0, 0, 0, 0, 0, 0, 0, 0, 0, 0, 0, 0, 0, 0, 0, 0, 0, 0, 1, 0, 0, 0, 0, 0, 1, 0, 0, 0, 0, 0, 1, 0, 0, 1, 0, 0, 0, 0, 0, 0, 0, 0, 0, 0, 0, 0, 0, 1, 0, 0, 0, 0, 1, 0, 1, 0, 0, 0, 0, 0, 0, 0, 0, 0, 0, 0, 0, 0, 0, 0, 0, 0, 2, 1, 0, 0, 0, 1, 0, 0, 0, 0, 0, 0, 0, 1, 1, 0, 0, 0, 0, 0, 0, 0, 0, 0, 0, 0, 1, 0, 0, 0, 0, 0, 0, 0, 0, 0, 0, 0, 0, 0, 0, 0, 0, 0, 0, 1, 0, 0, 0, 0, 0, 0, 0, 0, 0, 0, 0, 0, 0, 0, 0, 0, 0, 1, 0, 0, 0, 0, 0, 0, 0, 0, 0, 1, 0, 0, 0, 0, 0, 0, 0, 0, 0, 0, 0, 0, 0, 0, 0, 0, 0, 0, 1, 0, 0, 0, 0, 0, 0, 0, 0, 0, 0, 0, 0, 1, 0, 0, 0, 0, 0, 0, 0, 0, 0, 0, 0, 0, 0, 0, 0]	12.33288287465668	0.0	0.0
Simvastatin;Ketoconazole	[11, 0, 0, 1, 0, 1, 0, 0, 0, 0, 1, 2, 1, 1, 2, 0, 3, 1, 0, 2, 0, 0, 0, 0, 2, 0, 1, 1, 4, 0, 1, 0, 0, 1, 1, 1, 0, 1, 0, 0, 1, 1, 0, 0, 0, 3, 1, 0, 1, 2, 1, 1, 0, 1, 1, 1, 0, 1, 0, 0, 2, 1, 0, 1, 1, 2, 2, 1, 0, 0, 2, 0, 1, 0, 2, 1, 0, 0, 0, 0, 1, 1, 0, 0, 2, 1, 0, 0, 0, 1, 0, 2, 0, 1, 0, 1, 0, 0, 1, 0, 1, 0, 1, 1, 0, 0, 0, 2, 0, 0, 0, 1, 0, 0, 2, 3, 1, 1, 1, 3, 2, 0, 2, 1, 1, 1, 1, 0, 0, 0, 1, 1, 1, 1, 0, 0, 0, 1, 0, 0, 2, 0, 0, 0, 0, 0, 0, 1, 1, 1, 0, 0, 0, 1, 0, 1, 1, 0, 1, 0, 0, 1, 1, 2, 1, 0, 1, 0, 0, 0, 0, 2, 2, 1, 1, 1, 0, 2, 2, 1, 2, 0, 0, 2, 3, 2, 1, 0, 0, 1, 1, 0, 2, 1, 0, 3, 1, 0, 0, 1, 1]	12.330163378593475	0.0	0.0
Simvastatin;Ticlopidine	[18, 6, 1, 2, 4, 2, 3, 0, 0, 1, 3, 4, 2, 2, 2, 1, 1, 3, 1, 2, 1, 1, 0, 4, 0, 1, 2, 3, 4, 2, 3, 2, 2, 2, 2, 1, 2, 3, 2, 2, 3, 1, 1, 4, 1, 0, 4, 0, 3, 1, 0, 4, 2, 2, 5, 1, 3, 3, 0, 0, 1, 1, 0, 1, 3, 1, 0, 0, 0, 1, 2, 0, 6, 3, 2, 4, 3, 3, 0, 0, 1, 4, 1, 2, 0, 2, 1, 2, 2, 1, 4, 0, 0, 2, 2, 0, 1, 1, 1, 0, 3, 2, 0, 1, 3, 3, 2, 2, 2, 1, 1, 3, 3, 2, 1, 1, 3, 0, 4, 2, 2, 3, 2, 1, 1, 2, 1, 1, 6, 1, 0, 1, 2, 1, 2, 4, 1, 3, 1, 0, 0, 1, 3, 0, 1, 1, 0, 3, 3, 1, 2, 0, 2, 0, 1, 3, 3, 0, 2, 2, 3, 2, 2, 3, 2, 2, 4, 2, 0, 3, 1, 0, 0, 2, 3, 3, 3, 2, 2, 2, 1, 1, 2, 1, 3, 4, 3, 0, 3, 0, 1, 2, 0, 2, 1, 1, 4, 3, 3, 0, 4]	12.19216011276469	0.0	0.0
Simvastatin;Clopidogrel	[18, 6, 1, 2, 4, 2, 3, 0, 0, 1, 3, 4, 2, 2, 2, 1, 1, 3, 1, 2, 1, 1, 0, 4, 0, 1, 2, 3, 4, 2, 3, 2, 2, 2, 2, 1, 2, 3, 2, 2, 3, 1, 1, 4, 1, 0, 4, 0, 3, 1, 0, 4, 2, 2, 5, 1, 3, 3, 0, 0, 1, 1, 0, 1, 3, 1, 0, 0, 0, 1, 2, 0, 6, 3, 2, 4, 3, 3, 0, 0, 1, 4, 1, 2, 0, 2, 1, 2, 2, 1, 4, 0, 0, 2, 2, 0, 1, 1, 1, 0, 3, 2, 0, 1, 3, 3, 2, 2, 2, 1, 1, 3, 3, 2, 1, 1, 3, 0, 4, 2, 2, 3, 2, 1, 1, 2, 1, 1, 6, 1, 0, 1, 2, 1, 2, 4, 1, 3, 1, 0, 0, 1, 3, 0, 1, 1, 0, 3, 3, 1, 2, 0, 2, 0, 1, 3, 3, 0, 2, 2, 3, 2, 2, 3, 2, 2, 4, 2, 0, 3, 1, 0, 0, 2, 3, 3, 3, 2, 2, 2, 1, 1, 2, 1, 3, 4, 3, 0, 3, 0, 1, 2, 0, 2, 1, 1, 4, 3, 3, 0, 4]	12.19216011276469	0.0	0.0
Simvastatin;Fusidic Acid	[4, 2, 0, 0, 0, 0, 0, 0, 0, 0, 0, 0, 0, 0, 0, 0, 0, 0, 0, 0, 0, 0, 0, 0, 0, 0, 0, 0, 1, 0, 0, 0, 0, 0, 0, 0, 1, 0, 0, 0, 0, 0, 0, 0, 0, 0, 0, 0, 0, 0, 0, 0, 1, 0, 1, 0, 0, 0, 0, 0, 0, 0, 1, 0, 0, 0, 0, 0, 0, 0, 2, 1, 0, 0, 0, 1, 0, 0, 1, 0, 0, 0, 1, 0, 0, 0, 0, 0, 0, 0, 0, 0, 0, 0, 0, 0, 0, 0, 0, 1, 0, 0, 0, 0, 0, 0, 0, 0, 0, 0, 0, 0, 0, 0, 0, 0, 0, 0, 1, 0, 0, 0, 0, 0, 0, 0, 0, 0, 0, 0, 1, 0, 1, 0, 0, 0, 0, 0, 0, 1, 0, 0, 0, 0, 0, 0, 0, 0, 0, 1, 0, 0, 0, 1, 0, 0, 1, 0, 1, 0, 0, 0, 0, 0, 0, 0, 0, 0, 1, 0, 0, 0, 0, 0, 0, 0, 0, 0, 0, 0, 0, 0, 0, 0, 0, 1, 0, 0, 0, 0, 0, 0, 0, 0, 0, 0, 1, 0, 1, 0, 0]	10.60771730469041	0.0	0.0
Simvastatin;Erythromycin	[6, 0, 2, 0, 0, 0, 0, 0, 0, 1, 0, 0, 0, 0, 0, 1, 0, 1, 1, 0, 0, 0, 1, 0, 0, 0, 0, 0, 0, 1, 2, 1, 1, 0, 0, 1, 0, 1, 1, 2, 1, 0, 0, 0, 1, 1, 0, 1, 1, 0, 1, 1, 0, 0, 0, 0, 0, 0, 0, 0, 1, 0, 0, 1, 0, 0, 0, 0, 1, 1, 0, 0, 0, 1, 0, 0, 0, 0, 1, 1, 0, 0, 0, 0, 0, 0, 0, 0, 1, 0, 1, 0, 0, 0, 0, 1, 0, 0, 0, 0, 0, 0, 0, 1, 0, 0, 1, 0, 0, 1, 0, 0, 0, 0, 0, 0, 0, 0, 0, 0, 0, 0, 2, 0, 0, 0, 0, 2, 0, 0, 1, 1, 0, 0, 2, 0, 1, 0, 0, 1, 0, 0, 0, 1, 0, 0, 0, 0, 0, 1, 0, 0, 0, 1, 0, 0, 0, 0, 0, 0, 1, 0, 0, 1, 2, 1, 0, 1, 0, 0, 0, 0, 0, 1, 0, 2, 0, 0, 0, 0, 0, 0, 1, 0, 0, 0, 0, 0, 1, 1, 1, 0, 0, 0, 0, 0, 0, 0, 1, 0, 0]	10.411945166516084	0.0	0.0
Simvastatin;Midazolam	[7, 0, 2, 0, 1, 4, 0, 0, 1, 0, 1, 0, 0, 1, 1, 0, 0, 0, 1, 0, 0, 0, 0, 0, 1, 2, 1, 0, 0, 1, 1, 0, 1, 0, 0, 1, 0, 1, 0, 2, 3, 1, 0, 0, 1, 2, 0, 1, 0, 1, 0, 0, 1, 1, 0, 0, 2, 0, 0, 0, 0, 0, 2, 1, 0, 0, 0, 1, 2, 0, 0, 0, 0, 1, 0, 0, 0, 1, 2, 0, 0, 2, 0, 0, 0, 2, 1, 0, 0, 0, 2, 0, 0, 0, 0, 1, 1, 1, 0, 0, 0, 0, 0, 2, 0, 0, 1, 0, 0, 1, 1, 0, 0, 0, 0, 1, 0, 1, 1, 0, 2, 0, 0, 1, 2, 1, 0, 1, 0, 0, 0, 3, 0, 0, 1, 0, 2, 1, 1, 0, 0, 1, 0, 1, 1, 0, 0, 0, 1, 1, 1, 0, 1, 0, 1, 0, 0, 0, 0, 0, 1, 0, 1, 1, 3, 1, 0, 1, 0, 0, 1, 0, 2, 0, 0, 0, 1, 0, 0, 0, 0, 0, 0, 0, 0, 0, 2, 0, 1, 1, 0, 0, 1, 0, 0, 1, 0, 1, 1, 0, 0]	8.572318125098278	0.0	0.0
Simvastatin;Fluconazole	[4, 1, 0, 0, 0, 0, 0, 0, 0, 0, 0, 0, 0, 0, 0, 0, 0, 1, 0, 0, 1, 0, 0, 0, 0, 0, 0, 0, 0, 0, 0, 0, 0, 0, 0, 0, 0, 1, 0, 1, 0, 1, 1, 0, 0, 0, 0, 0, 2, 0, 1, 1, 0, 0, 0, 0, 1, 1, 0, 1, 1, 1, 0, 0, 0, 0, 0, 0, 0, 0, 0, 1, 0, 0, 0, 1, 0, 1, 0, 0, 1, 0, 0, 2, 0, 0, 1, 0, 1, 1, 0, 0, 0, 0, 0, 0, 0, 0, 0, 0, 0, 0, 0, 0, 0, 0, 0, 0, 0, 0, 0, 0, 2, 0, 0, 0, 0, 0, 0, 0, 0, 0, 0, 0, 0, 0, 0, 1, 0, 1, 0, 0, 0, 1, 0, 0, 0, 0, 0, 1, 0, 0, 0, 0, 1, 0, 0, 1, 1, 0, 0, 0, 0, 0, 1, 0, 0, 0, 0, 0, 0, 1, 0, 0, 0, 2, 0, 0, 0, 0, 0, 0, 0, 1, 0, 1, 1, 0, 0, 1, 0, 1, 0, 0, 0, 1, 0, 0, 0, 0, 0, 1, 0, 0, 0, 0, 0, 0, 0, 0, 0]	8.153233632056187	2.220446049250313e-16	3.93624526913e-16
Simvastatin;Ranolazine	[4, 0, 1, 0, 0, 0, 0, 0, 1, 0, 3, 0, 1, 0, 1, 0, 1, 0, 0, 0, 0, 0, 0, 1, 2, 0, 0, 1, 1, 0, 0, 0, 0, 1, 0, 0, 0, 1, 0, 0, 0, 1, 0, 0, 0, 0, 0, 0, 0, 0, 0, 0, 0, 1, 0, 0, 0, 2, 0, 1, 0, 0, 0, 0, 0, 0, 1, 1, 1, 0, 0, 0, 0, 1, 0, 0, 0, 1, 1, 0, 0, 0, 0, 0, 0, 0, 0, 0, 0, 0, 2, 0, 1, 1, 0, 0, 0, 0, 0, 0, 0, 0, 0, 0, 0, 0, 0, 0, 0, 1, 0, 0, 0, 0, 0, 0, 0, 0, 0, 0, 0, 0, 0, 0, 1, 0, 1, 0, 0, 0, 0, 0, 0, 0, 0, 0, 0, 0, 0, 0, 0, 0, 0, 0, 0, 0, 0, 0, 0, 0, 1, 1, 0, 1, 0, 0, 0, 0, 2, 0, 0, 0, 0, 1, 0, 0, 0, 0, 1, 1, 0, 0, 0, 1, 0, 0, 0, 0, 0, 1, 0, 0, 0, 1, 0, 0, 0, 0, 0, 0, 0, 0, 0, 0, 0, 0, 1, 0, 0, 0, 0]	7.636398235105021	1.1213252548714081e-14	1.90137760609e-14
Simvastatin;Troglitazone	[4, 0, 0, 0, 0, 0, 0, 1, 0, 0, 0, 0, 0, 0, 0, 1, 1, 0, 1, 0, 1, 1, 0, 1, 0, 0, 0, 0, 0, 1, 0, 0, 0, 0, 0, 0, 1, 0, 2, 0, 0, 2, 0, 1, 0, 0, 1, 0, 1, 0, 0, 0, 1, 0, 0, 0, 1, 0, 0, 0, 0, 0, 1, 0, 0, 1, 0, 0, 0, 0, 1, 1, 0, 0, 1, 0, 0, 1, 1, 1, 0, 0, 0, 0, 1, 0, 1, 1, 0, 1, 0, 0, 0, 0, 1, 0, 0, 1, 0, 0, 0, 1, 0, 1, 0, 0, 0, 0, 1, 0, 0, 0, 2, 0, 1, 2, 0, 1, 0, 0, 0, 0, 0, 1, 0, 0, 0, 0, 1, 0, 0, 0, 1, 0, 1, 0, 1, 0, 0, 0, 0, 0, 0, 1, 0, 0, 1, 0, 0, 1, 0, 2, 0, 0, 0, 0, 0, 0, 1, 1, 0, 0, 0, 0, 0, 0, 1, 0, 0, 0, 1, 1, 0, 0, 0, 1, 0, 0, 1, 0, 1, 0, 1, 1, 0, 1, 0, 0, 2, 0, 1, 0, 2, 1, 0, 1, 0, 1, 1, 0, 0]	6.666226955424074	1.3123169217976738e-11	2.13251499792e-11
Simvastatin;simvastatin acid	[18, 2, 4, 1, 4, 0, 3, 2, 2, 6, 6, 2, 6, 4, 11, 2, 2, 5, 0, 1, 3, 4, 7, 7, 5, 9, 3, 8, 8, 5, 10, 6, 2, 4, 5, 3, 4, 3, 7, 7, 6, 5, 5, 6, 5, 1, 0, 6, 3, 5, 7, 2, 1, 8, 3, 6, 6, 4, 5, 5, 4, 9, 4, 6, 5, 7, 5, 4, 3, 3, 5, 3, 4, 2, 3, 8, 2, 5, 6, 7, 2, 6, 4, 5, 2, 3, 7, 1, 2, 9, 6, 6, 4, 5, 4, 1, 8, 1, 4, 5, 5, 4, 5, 6, 5, 4, 4, 2, 3, 6, 6, 6, 5, 2, 5, 8, 4, 6, 3, 4, 6, 3, 3, 2, 9, 4, 2, 2, 3, 9, 6, 3, 2, 7, 7, 2, 2, 5, 3, 4, 2, 2, 3, 2, 4, 1, 6, 4, 4, 3, 2, 3, 2, 2, 8, 7, 5, 5, 5, 3, 2, 5, 6, 3, 3, 4, 4, 1, 3, 4, 7, 3, 3, 5, 5, 2, 6, 3, 2, 5, 7, 4, 6, 4, 4, 3, 8, 5, 7, 2, 8, 5, 3, 4, 5, 1, 6, 4, 8, 3, 2]	6.411343157777523	7.212153096958218e-11	1.12509588313e-10
Simvastatin;Carbamazepine	[4, 0, 1, 0, 1, 0, 2, 0, 1, 1, 0, 1, 0, 0, 0, 0, 1, 0, 0, 0, 0, 1, 0, 0, 0, 1, 1, 1, 0, 0, 0, 0, 1, 1, 1, 1, 0, 0, 1, 0, 0, 1, 0, 1, 0, 0, 0, 0, 1, 0, 0, 0, 0, 0, 0, 1, 0, 0, 0, 0, 2, 0, 1, 0, 0, 0, 1, 0, 0, 0, 0, 0, 1, 0, 0, 1, 1, 0, 0, 0, 2, 1, 0, 0, 0, 2, 0, 0, 0, 0, 2, 0, 0, 1, 2, 0, 1, 1, 0, 0, 0, 1, 1, 0, 1, 1, 1, 0, 0, 0, 0, 0, 0, 0, 0, 1, 0, 0, 1, 1, 0, 0, 0, 1, 1, 1, 1, 2, 0, 0, 0, 0, 0, 0, 1, 0, 0, 0, 0, 0, 0, 0, 0, 2, 1, 0, 0, 0, 0, 1, 0, 1, 1, 2, 1, 0, 0, 0, 0, 0, 0, 0, 0, 0, 0, 1, 0, 0, 0, 0, 0, 0, 2, 0, 0, 0, 2, 0, 0, 0, 0, 0, 0, 0, 0, 1, 0, 0, 0, 1, 0, 0, 0, 0, 0, 0, 0, 0, 0, 1, 0]	6.238879648738654	2.2035795410602077e-10	3.30536931159e-10
Simvastatin;Tacrolimus	[5, 1, 1, 0, 0, 0, 0, 0, 0, 1, 0, 1, 1, 1, 1, 0, 1, 0, 1, 0, 0, 0, 1, 0, 1, 0, 0, 0, 0, 1, 0, 0, 0, 0, 1, 0, 1, 0, 0, 0, 0, 0, 0, 0, 0, 1, 0, 0, 0, 0, 0, 0, 2, 1, 0, 3, 0, 0, 0, 0, 0, 2, 0, 1, 0, 1, 1, 0, 0, 2, 0, 0, 0, 1, 1, 0, 1, 0, 1, 2, 0, 0, 0, 0, 2, 1, 0, 0, 3, 0, 1, 2, 1, 1, 0, 0, 1, 0, 0, 0, 0, 0, 0, 0, 1, 0, 0, 1, 1, 0, 1, 0, 3, 0, 1, 1, 2, 0, 1, 0, 1, 0, 2, 2, 0, 1, 1, 0, 2, 0, 1, 2, 0, 1, 0, 0, 0, 1, 1, 1, 0, 0, 1, 1, 2, 0, 1, 0, 1, 0, 0, 1, 1, 1, 1, 0, 2, 0, 0, 0, 0, 1, 1, 2, 0, 1, 0, 0, 0, 0, 1, 0, 0, 0, 1, 1, 1, 2, 1, 1, 0, 0, 0, 0, 0, 1, 1, 3, 1, 3, 1, 0, 0, 1, 2, 2, 0, 1, 0, 0, 1]	5.887579400690255	1.959464590584048e-09	2.83033774195e-09
Simvastatin;Colchicine	[5, 0, 0, 0, 0, 0, 1, 0, 1, 2, 0, 0, 0, 0, 0, 2, 0, 0, 1, 0, 0, 0, 2, 0, 3, 0, 1, 1, 0, 1, 0, 0, 1, 2, 0, 2, 1, 1, 0, 0, 0, 0, 0, 0, 1, 0, 0, 1, 0, 1, 0, 0, 1, 0, 0, 2, 0, 0, 0, 0, 0, 1, 1, 1, 1, 1, 0, 3, 1, 3, 0, 1, 2, 2, 0, 0, 2, 2, 0, 0, 0, 1, 0, 0, 0, 0, 0, 1, 0, 3, 1, 0, 0, 1, 1, 2, 0, 1, 0, 1, 0, 0, 0, 1, 0, 0, 1, 1, 1, 0, 0, 2, 1, 0, 2, 1, 0, 0, 0, 0, 2, 0, 0, 1, 0, 2, 1, 0, 0, 0, 0, 0, 1, 0, 1, 1, 0, 1, 0, 0, 1, 0, 1, 0, 0, 2, 0, 0, 1, 1, 0, 1, 1, 0, 2, 2, 0, 0, 0, 0, 1, 1, 2, 0, 0, 0, 0, 0, 0, 1, 2, 1, 2, 1, 1, 3, 0, 0, 0, 0, 0, 1, 0, 1, 0, 0, 1, 0, 1, 1, 0, 0, 0, 3, 1, 1, 0, 1, 1, 0, 0]	5.5434789374686675	1.482601785784965e-08	2.06505248734e-08
Simvastatin;Amlodipine	[9, 0, 0, 3, 6, 1, 4, 0, 3, 2, 2, 2, 3, 1, 3, 1, 2, 2, 2, 2, 2, 5, 0, 1, 0, 2, 4, 1, 2, 1, 3, 7, 0, 2, 2, 1, 2, 2, 1, 1, 1, 2, 1, 2, 3, 1, 3, 3, 2, 0, 1, 0, 1, 4, 1, 4, 2, 2, 1, 2, 3, 6, 1, 0, 0, 4, 2, 1, 3, 3, 2, 2, 0, 5, 4, 1, 2, 1, 2, 2, 3, 2, 3, 2, 2, 2, 0, 5, 4, 3, 5, 4, 2, 1, 2, 5, 0, 1, 1, 7, 1, 3, 5, 2, 3, 1, 3, 2, 3, 0, 3, 3, 3, 4, 1, 2, 0, 3, 2, 1, 0, 2, 4, 0, 3, 2, 1, 2, 2, 1, 2, 2, 4, 2, 1, 3, 3, 0, 0, 2, 2, 1, 3, 1, 1, 0, 3, 2, 2, 1, 2, 1, 1, 4, 1, 2, 2, 2, 1, 4, 2, 0, 2, 4, 3, 2, 0, 1, 5, 4, 1, 2, 1, 2, 3, 2, 3, 0, 0, 1, 4, 3, 1, 1, 2, 1, 2, 1, 5, 0, 6, 0, 3, 4, 3, 5, 4, 1, 2, 1, 0]	4.672264018398594	1.4894884402538722e-06	2.00310514379e-06
Simvastatin;Benzodiazepines	[4, 0, 0, 0, 2, 1, 0, 0, 1, 0, 0, 1, 2, 1, 0, 1, 1, 0, 1, 0, 1, 1, 0, 1, 0, 1, 2, 0, 0, 1, 1, 1, 0, 0, 1, 1, 1, 0, 0, 0, 1, 0, 0, 0, 1, 0, 0, 0, 1, 0, 3, 1, 2, 1, 0, 0, 2, 0, 0, 0, 1, 1, 2, 0, 1, 0, 0, 0, 0, 1, 2, 1, 0, 1, 0, 0, 0, 1, 0, 2, 1, 1, 1, 1, 0, 1, 1, 1, 1, 0, 1, 1, 0, 1, 0, 0, 1, 0, 1, 0, 1, 0, 1, 0, 2, 0, 1, 2, 1, 1, 1, 0, 3, 1, 3, 1, 0, 0, 1, 0, 0, 0, 0, 1, 0, 2, 2, 1, 1, 0, 1, 0, 2, 0, 0, 2, 0, 1, 0, 0, 0, 2, 1, 1, 1, 0, 0, 0, 0, 0, 1, 0, 0, 2, 0, 0, 1, 1, 0, 1, 0, 0, 0, 0, 1, 0, 1, 0, 1, 0, 0, 0, 1, 0, 0, 0, 1, 0, 0, 2, 0, 1, 2, 0, 0, 0, 1, 1, 2, 0, 0, 0, 0, 1, 2, 0, 1, 0, 0, 1, 1]	4.662179839126673	1.56438796927727e-06	2.03370436006e-06
Simvastatin;Sitagliptin Phosphate	[4, 1, 2, 1, 1, 0, 1, 0, 0, 1, 0, 1, 1, 0, 0, 1, 2, 1, 3, 0, 0, 0, 1, 2, 1, 0, 0, 0, 0, 1, 1, 1, 0, 0, 1, 0, 0, 1, 1, 0, 0, 0, 2, 1, 1, 0, 0, 0, 0, 0, 0, 0, 0, 1, 1, 0, 0, 2, 0, 0, 1, 0, 0, 0, 3, 1, 0, 0, 1, 2, 1, 1, 0, 1, 0, 0, 1, 0, 1, 0, 1, 1, 0, 0, 0, 0, 0, 0, 0, 0, 0, 0, 1, 0, 1, 0, 0, 1, 0, 0, 2, 0, 1, 0, 0, 0, 0, 0, 1, 1, 0, 0, 0, 1, 0, 0, 1, 2, 0, 0, 1, 0, 0, 0, 1, 0, 0, 0, 0, 0, 1, 0, 1, 1, 0, 2, 1, 0, 0, 0, 3, 2, 2, 0, 1, 0, 1, 0, 0, 0, 1, 0, 3, 0, 1, 0, 1, 0, 0, 0, 2, 0, 0, 0, 0, 1, 0, 0, 0, 0, 1, 1, 2, 2, 1, 0, 0, 2, 2, 0, 0, 1, 1, 0, 0, 2, 0, 0, 1, 1, 0, 0, 3, 1, 0, 2, 0, 0, 1, 0, 1]	4.531024980054958	2.934909828722354e-06	3.69230591355e-06
Simvastatin;Nifedipine	[5, 0, 0, 1, 3, 1, 0, 0, 3, 2, 2, 1, 1, 1, 0, 1, 0, 3, 3, 1, 0, 1, 1, 0, 3, 1, 5, 2, 1, 4, 2, 1, 1, 1, 0, 1, 0, 1, 0, 0, 1, 1, 1, 0, 3, 0, 2, 0, 2, 1, 1, 2, 0, 1, 0, 1, 1, 0, 1, 0, 2, 1, 1, 3, 1, 2, 1, 1, 2, 1, 0, 2, 3, 0, 1, 1, 1, 1, 2, 0, 0, 1, 1, 1, 0, 2, 1, 2, 0, 0, 1, 2, 1, 0, 0, 1, 3, 2, 0, 2, 0, 1, 0, 1, 1, 0, 1, 0, 0, 0, 1, 3, 1, 1, 1, 3, 0, 3, 0, 0, 2, 2, 1, 0, 0, 1, 1, 2, 1, 1, 0, 4, 2, 1, 0, 1, 2, 1, 0, 1, 0, 1, 1, 1, 0, 0, 1, 0, 2, 2, 1, 0, 0, 1, 2, 1, 1, 1, 2, 1, 0, 1, 0, 0, 2, 0, 2, 2, 0, 0, 2, 2, 1, 0, 1, 0, 0, 2, 1, 1, 1, 0, 2, 0, 0, 1, 0, 1, 2, 0, 2, 1, 0, 1, 0, 1, 1, 0, 2, 0, 0]	4.137659722778492	1.754330980685559e-05	2.13809088271e-05
Simvastatin;Vitamin E	[10, 4, 3, 2, 6, 3, 3, 4, 3, 6, 2, 1, 2, 5, 4, 2, 1, 1, 1, 5, 0, 6, 3, 2, 1, 2, 5, 4, 3, 2, 4, 1, 3, 7, 4, 7, 4, 5, 5, 3, 4, 2, 2, 4, 4, 5, 1, 5, 3, 3, 4, 4, 3, 3, 1, 4, 2, 2, 1, 2, 2, 3, 8, 5, 3, 0, 2, 1, 3, 8, 4, 3, 6, 1, 3, 4, 2, 1, 3, 3, 2, 1, 2, 2, 4, 2, 5, 5, 3, 4, 4, 3, 3, 7, 1, 7, 4, 4, 2, 1, 4, 5, 3, 6, 2, 6, 4, 5, 2, 1, 5, 1, 2, 3, 3, 5, 2, 4, 5, 6, 3, 2, 3, 3, 2, 4, 4, 2, 4, 2, 3, 2, 1, 4, 5, 4, 5, 3, 2, 6, 5, 2, 4, 4, 4, 7, 1, 3, 4, 4, 4, 5, 2, 4, 4, 3, 2, 7, 3, 6, 3, 0, 5, 2, 3, 4, 7, 5, 3, 0, 6, 1, 5, 3, 3, 4, 2, 3, 2, 3, 3, 5, 3, 4, 2, 1, 6, 6, 4, 6, 5, 4, 3, 5, 3, 5, 1, 0, 1, 3, 3]	3.9260397707307106	4.317794168895439e-05	5.10284765415e-05
Simvastatin;Sirolimus	[5, 0, 0, 1, 0, 2, 0, 0, 3, 2, 1, 2, 1, 1, 1, 2, 0, 2, 1, 1, 0, 0, 1, 0, 2, 1, 2, 1, 1, 3, 1, 1, 3, 3, 2, 0, 0, 3, 0, 1, 1, 0, 3, 1, 0, 2, 3, 0, 2, 3, 4, 1, 1, 3, 1, 2, 5, 0, 1, 1, 2, 1, 1, 0, 1, 3, 1, 3, 2, 3, 2, 1, 1, 0, 0, 2, 1, 2, 0, 2, 0, 1, 2, 1, 1, 2, 2, 2, 0, 0, 1, 2, 1, 1, 4, 5, 1, 0, 1, 4, 3, 2, 0, 0, 1, 0, 0, 0, 1, 0, 3, 2, 2, 1, 5, 0, 1, 4, 1, 1, 1, 2, 2, 1, 1, 5, 1, 2, 0, 0, 3, 0, 0, 2, 2, 0, 1, 2, 0, 3, 3, 3, 2, 2, 1, 0, 1, 3, 2, 1, 0, 1, 0, 1, 1, 1, 2, 1, 1, 2, 1, 1, 0, 5, 2, 0, 0, 2, 4, 0, 0, 1, 1, 1, 0, 1, 3, 1, 2, 1, 3, 0, 0, 3, 3, 1, 1, 0, 1, 0, 2, 1, 2, 0, 2, 2, 3, 1, 3, 0, 1]	3.0004579663268776	0.0013478697879825141	0.00154608593327
Simvastatin;Lisinopril	[5, 5, 1, 1, 1, 5, 1, 1, 0, 1, 3, 1, 4, 1, 2, 2, 5, 1, 1, 0, 3, 0, 0, 3, 1, 1, 2, 1, 0, 2, 5, 1, 0, 1, 2, 2, 1, 2, 1, 2, 1, 3, 0, 1, 1, 2, 2, 3, 1, 2, 0, 2, 2, 2, 3, 3, 3, 3, 2, 0, 1, 2, 2, 1, 0, 1, 2, 5, 3, 1, 3, 0, 3, 3, 1, 2, 2, 2, 2, 2, 2, 3, 0, 0, 2, 2, 0, 1, 2, 2, 0, 1, 1, 0, 2, 0, 4, 3, 4, 1, 1, 0, 3, 2, 2, 0, 0, 0, 0, 3, 1, 1, 3, 1, 1, 2, 3, 0, 5, 2, 0, 2, 2, 2, 2, 0, 2, 1, 0, 1, 1, 2, 1, 4, 2, 0, 0, 1, 3, 0, 3, 3, 2, 3, 0, 0, 1, 0, 0, 2, 1, 2, 1, 1, 0, 0, 3, 2, 1, 2, 4, 0, 4, 1, 1, 3, 1, 3, 2, 3, 2, 1, 2, 2, 2, 0, 0, 0, 4, 2, 0, 0, 2, 1, 4, 2, 2, 0, 2, 2, 1, 0, 0, 2, 0, 1, 3, 0, 3, 1, 0]	2.7007108069097736	0.003459573634585822	0.00385495347854
Simvastatin;Atenolol	[5, 4, 4, 1, 1, 2, 5, 2, 1, 3, 2, 7, 3, 4, 2, 1, 3, 2, 3, 0, 1, 4, 2, 1, 4, 2, 1, 2, 0, 1, 2, 4, 0, 1, 1, 1, 4, 3, 3, 2, 2, 1, 0, 2, 1, 1, 2, 2, 1, 1, 1, 3, 2, 1, 2, 2, 1, 4, 2, 1, 1, 4, 4, 0, 1, 1, 2, 1, 1, 0, 0, 1, 4, 2, 1, 1, 0, 4, 3, 1, 2, 2, 4, 1, 1, 3, 0, 2, 1, 0, 1, 2, 2, 3, 1, 1, 1, 3, 2, 3, 0, 2, 3, 5, 2, 1, 3, 1, 0, 2, 0, 1, 4, 5, 1, 2, 3, 3, 2, 2, 2, 1, 1, 0, 1, 1, 3, 1, 0, 2, 0, 1, 4, 1, 1, 4, 3, 2, 1, 2, 3, 0, 5, 4, 0, 2, 3, 1, 1, 2, 0, 2, 0, 2, 4, 3, 2, 3, 1, 1, 3, 1, 2, 2, 0, 2, 1, 1, 2, 3, 1, 4, 2, 3, 5, 3, 0, 0, 1, 1, 2, 4, 2, 5, 0, 0, 1, 1, 1, 2, 5, 2, 2, 0, 1, 0, 1, 0, 4, 2, 0]	2.2959498687534348	0.010839373953627773	0.0117426551164
Simvastatin;Aspirin	[15, 11, 11, 8, 14, 12, 8, 0, 11, 7, 15, 12, 8, 6, 8, 7, 6, 10, 11, 6, 7, 17, 7, 14, 7, 8, 7, 11, 7, 7, 10, 9, 9, 9, 9, 5, 13, 9, 10, 9, 11, 11, 9, 11, 9, 11, 10, 10, 11, 9, 5, 16, 10, 10, 10, 7, 8, 9, 10, 8, 7, 8, 8, 7, 8, 9, 4, 6, 4, 12, 6, 13, 14, 12, 5, 10, 4, 12, 10, 7, 7, 9, 15, 9, 5, 6, 2, 4, 8, 4, 4, 8, 9, 12, 10, 9, 6, 8, 10, 13, 12, 5, 14, 8, 11, 12, 10, 12, 5, 7, 5, 10, 11, 13, 7, 9, 6, 13, 10, 6, 9, 10, 6, 5, 10, 3, 11, 17, 6, 10, 3, 6, 12, 7, 5, 10, 14, 9, 9, 8, 10, 9, 8, 7, 9, 5, 10, 7, 9, 9, 9, 6, 7, 7, 9, 6, 16, 10, 10, 11, 8, 8, 8, 11, 6, 11, 7, 5, 8, 11, 9, 15, 6, 10, 11, 10, 10, 6, 11, 6, 8, 13, 13, 7, 4, 9, 9, 4, 10, 7, 7, 10, 11, 4, 7, 10, 12, 5, 11, 16, 9]	2.096432531054223	0.018021919571974854	0.0189960773867
Simvastatin;Ramipril	[5, 1, 2, 1, 5, 3, 4, 2, 4, 1, 5, 6, 2, 3, 1, 3, 2, 2, 3, 1, 2, 4, 2, 2, 2, 2, 0, 2, 4, 2, 1, 5, 1, 0, 1, 1, 1, 6, 3, 1, 1, 0, 2, 3, 2, 2, 2, 1, 3, 1, 3, 2, 3, 2, 3, 3, 1, 3, 2, 3, 3, 5, 3, 3, 4, 2, 2, 2, 1, 1, 1, 3, 2, 3, 2, 3, 2, 2, 2, 2, 2, 1, 1, 1, 3, 1, 2, 2, 1, 5, 1, 1, 2, 3, 3, 2, 1, 2, 2, 1, 2, 2, 3, 4, 0, 1, 1, 4, 3, 1, 1, 2, 3, 3, 1, 2, 3, 3, 1, 2, 2, 4, 5, 2, 1, 0, 4, 1, 3, 5, 1, 1, 4, 1, 2, 3, 5, 2, 1, 2, 1, 1, 6, 5, 2, 1, 4, 3, 2, 2, 1, 4, 0, 2, 2, 2, 2, 5, 3, 3, 2, 3, 3, 5, 1, 1, 1, 1, 1, 1, 1, 3, 2, 3, 5, 4, 0, 1, 1, 3, 1, 4, 0, 3, 1, 2, 0, 0, 2, 4, 4, 2, 3, 2, 1, 2, 2, 1, 3, 3, 4]	2.084934711331168	0.018537613661563146	0.0190254456
Simvastatin;pitavastatin	[9, 1, 0, 6, 8, 4, 4, 5, 6, 2, 8, 1, 3, 2, 3, 5, 3, 4, 4, 4, 3, 6, 5, 4, 9, 4, 8, 2, 7, 2, 5, 1, 5, 7, 1, 6, 4, 1, 4, 6, 3, 4, 2, 3, 7, 7, 5, 2, 5, 0, 4, 3, 5, 5, 5, 2, 5, 3, 4, 10, 7, 4, 7, 4, 4, 5, 6, 6, 2, 2, 2, 4, 5, 2, 1, 6, 3, 11, 2, 5, 2, 3, 3, 7, 4, 1, 6, 1, 7, 3, 3, 5, 2, 2, 5, 5, 3, 4, 7, 1, 7, 6, 4, 2, 1, 4, 5, 1, 10, 3, 4, 7, 3, 5, 5, 5, 6, 6, 3, 3, 9, 11, 5, 7, 3, 3, 7, 5, 6, 4, 7, 9, 3, 5, 4, 1, 3, 3, 5, 1, 6, 7, 5, 6, 10, 5, 5, 9, 6, 5, 2, 6, 2, 2, 2, 3, 4, 6, 1, 5, 6, 6, 6, 4, 4, 6, 3, 6, 4, 5, 2, 3, 4, 2, 1, 4, 5, 5, 3, 6, 3, 3, 2, 2, 5, 6, 9, 2, 5, 1, 3, 2, 3, 9, 4, 4, 1, 6, 4, 7, 8]	2.079601176674057	0.018781064489971966	0.01878106449
